0.455304
0.39782
0.311235
0.229897
0.16791
0.125474
0.0991362
0.0823839
0.07099
0.062748
0.0564898
0.0515599
0.047567
0.0442633
0.0414834
0.0391112
0.0370612
0.035268
0.0336804
0.0322577
0.0309674
0.0297842
0.0286887
0.027666
0.0267051
0.025798
0.0249388
0.0241233
0.0233482
0.0226109
0.0219093
0.0212418
0.0206066
0.0200022
0.0194273
0.0188803
0.0183598
0.0178647
0.0173935
0.0169449
0.0165177
0.0161108
0.0157231
0.0153533
0.0150005
0.0146638
0.0143422
0.0140348
0.0137408
0.0134595
0.0131901
0.0129319
0.0126844
0.0124469
0.0122188
0.0119997
0.011789
0.0115864
0.0113913
0.0112033
0.0110222
0.0108475
0.010679
0.0105162
0.010359
0.010207
0.01006
0.00991773
0.00978002
0.00964663
0.00951736
0.00939203
0.00927045
0.00915247
0.00903792
0.00892666
0.00881855
0.00871345
0.00861124
0.00851181
0.00841503
0.00832081
0.00822904
0.00813963
0.00805249
0.00796753
0.00788467
0.00780382
0.00772493
0.00764791
0.0075727
0.00749924
0.00742746
0.0073573
0.00728872
0.00722165
0.00715605
0.00709187
0.00702906
0.00696758
